257.554688
89.332031 89.332031 0.000000
82.371094 92.232422 0.580078
80.630859 93.392578 1.160156
79.470703 95.132812 1.740234
78.310547 96.292969 2.320312
77.150391 116.595703 2.900391
97.453125 119.496094 3.480469
75.410156 120.656250 4.060547
81.791016 123.556641 4.640625
88.171875 126.457031 5.220703
94.552734 129.357422 5.800781
101.513672 132.257812 6.380859
123.556641 133.998047 6.960938
71.929688 135.158203 7.541016
71.929688 136.318359 8.121094
71.349609 136.318359 8.701172
70.769531 136.898438 9.281250
70.189453 136.898438 9.861328
69.609375 137.478516 10.441406
69.029297 138.058594 11.021484
68.449219 138.058594 11.601562
67.869141 138.638672 12.181641
67.289062 139.218750 12.761719
67.289062 139.798828 13.341797
66.708984 139.798828 13.921875
66.708984 139.798828 14.501953
66.128906 139.798828 15.082031
66.128906 139.798828 15.662109
65.548828 139.798828 16.242188
65.548828 139.798828 16.822266
64.968750 139.798828 17.402344
64.968750 139.798828 17.982422
64.388672 139.798828 18.562500
64.388672 139.798828 19.142578
64.388672 139.798828 19.722656
63.808594 140.378906 20.302734
63.808594 140.958984 20.882812
63.808594 142.119141 21.462891
63.808594 142.699219 22.042969
63.808594 143.859375 22.623047
63.228516 144.439453 23.203125
63.228516 145.599609 23.783203
63.228516 146.179688 24.363281
63.228516 147.339844 24.943359
63.228516 147.919922 25.523438
63.228516 149.080078 26.103516
62.648438 149.080078 26.683594
62.648438 149.080078 27.263672
62.648438 149.080078 27.843750
62.648438 149.080078 28.423828
62.648438 149.080078 29.003906
62.648438 149.080078 29.583984
62.648438 149.660156 30.164062
62.648438 149.660156 30.744141
62.648438 149.660156 31.324219
62.648438 149.660156 31.904297
62.648438 149.660156 32.484375
62.648438 150.240234 33.064453
62.068359 150.240234 33.644531
62.068359 150.820312 34.224609
62.068359 151.400391 34.804688
62.068359 151.400391 35.384766
61.488281 151.980469 35.964844
61.488281 152.560547 36.544922
61.488281 152.560547 37.125000
61.488281 153.140625 37.705078
60.908203 153.720703 38.285156
60.908203 153.720703 38.865234
60.908203 154.300781 39.445312
60.908203 154.880859 40.025391
60.328125 156.041016 40.605469
59.748047 156.041016 41.185547
59.748047 156.621094 41.765625
59.748047 157.201172 42.345703
59.748047 157.201172 42.925781
59.748047 157.781250 43.505859
59.748047 158.361328 44.085938
59.167969 158.361328 44.666016
59.167969 158.361328 45.246094
59.167969 158.941406 45.826172
59.167969 158.941406 46.406250
59.167969 159.521484 46.986328
58.587891 159.521484 47.566406
58.587891 159.521484 48.146484
58.587891 159.521484 48.726562
58.007812 159.521484 49.306641
58.007812 159.521484 49.886719
58.007812 160.101562 50.466797
57.427734 160.101562 51.046875
57.427734 160.101562 51.626953
56.847656 160.681641 52.207031
56.267578 160.681641 52.787109
56.267578 160.681641 53.367188
56.267578 160.681641 53.947266
55.687500 160.681641 54.527344
55.687500 160.681641 55.107422
55.687500 160.681641 55.687500
55.107422 160.681641 56.267578
55.107422 160.681641 56.847656
55.107422 160.681641 57.427734
54.527344 160.681641 58.007812
54.527344 161.261719 58.587891
54.527344 161.261719 59.167969
53.947266 161.261719 59.748047
53.947266 161.261719 60.328125
53.947266 161.841797 60.908203
53.367188 161.841797 61.488281
53.367188 161.841797 62.068359
52.787109 162.421875 62.648438
52.207031 162.421875 63.228516
52.207031 162.421875 63.808594
52.207031 162.421875 64.388672
51.626953 162.421875 64.968750
51.626953 162.421875 65.548828
51.626953 162.421875 66.128906
51.626953 161.841797 66.708984
51.046875 161.841797 67.289062
51.046875 161.841797 67.869141
50.466797 161.841797 68.449219
50.466797 161.841797 69.029297
50.466797 161.841797 69.609375
50.466797 161.261719 70.189453
50.466797 161.261719 70.769531
49.886719 160.681641 71.349609
49.306641 160.101562 71.929688
49.306641 160.101562 72.509766
49.306641 160.101562 73.089844
49.306641 160.101562 73.669922
49.306641 160.101562 74.250000
48.726562 160.101562 74.830078
48.726562 160.101562 75.410156
48.726562 160.101562 75.990234
48.726562 160.101562 76.570312
48.726562 160.101562 77.150391
48.146484 160.101562 77.730469
48.146484 160.101562 78.310547
48.146484 160.101562 78.890625
48.146484 160.101562 79.470703
48.146484 160.101562 80.050781
47.566406 160.101562 80.630859
47.566406 160.101562 81.210938
47.566406 160.101562 81.791016
47.566406 160.101562 82.371094
47.566406 160.101562 82.951172
47.566406 160.101562 83.531250
48.146484 159.521484 84.111328
48.146484 158.941406 84.691406
48.146484 158.941406 85.271484
48.146484 158.941406 85.851562
48.146484 158.941406 86.431641
48.146484 158.941406 87.011719
48.146484 158.941406 87.591797
48.146484 158.941406 88.171875
48.146484 158.941406 88.751953
48.146484 158.941406 89.332031
48.146484 158.941406 89.912109
48.146484 158.941406 90.492188
48.146484 158.941406 91.072266
48.146484 158.941406 91.652344
48.146484 158.941406 92.232422
48.726562 158.941406 92.812500
49.306641 158.361328 93.392578
49.306641 157.781250 93.972656
49.306641 157.781250 94.552734
49.306641 157.781250 95.132812
49.306641 157.781250 95.712891
49.306641 157.781250 96.292969
49.306641 157.781250 96.873047
49.306641 157.781250 97.453125
49.886719 157.781250 98.033203
49.886719 157.201172 98.613281
49.886719 157.201172 99.193359
49.886719 157.201172 99.773438
49.886719 156.621094 100.353516
49.886719 156.621094 100.933594
49.886719 156.621094 101.513672
49.886719 156.041016 102.093750
50.466797 156.041016 102.673828
50.466797 156.041016 103.253906
50.466797 155.460938 103.833984
50.466797 155.460938 104.414062
50.466797 155.460938 104.994141
50.466797 154.880859 105.574219
50.466797 154.880859 106.154297
50.466797 154.880859 106.734375
51.046875 154.880859 107.314453
51.626953 154.300781 107.894531
51.046875 153.720703 108.474609
51.046875 153.720703 109.054688
51.046875 153.720703 109.634766
51.046875 153.140625 110.214844
51.046875 153.140625 110.794922
51.046875 153.140625 111.375000
51.046875 153.140625 111.955078
51.046875 152.560547 112.535156
51.046875 152.560547 113.115234
51.046875 152.560547 113.695312
51.046875 151.980469 114.275391
51.046875 151.980469 114.855469
51.046875 151.980469 115.435547
51.046875 151.980469 116.015625
51.046875 151.400391 116.595703
51.046875 151.400391 117.175781
51.046875 151.400391 117.755859
51.046875 150.820312 118.335938
51.046875 150.820312 118.916016
51.046875 150.820312 119.496094
51.046875 150.820312 120.076172
51.046875 150.240234 120.656250
51.046875 150.240234 121.236328
51.046875 150.240234 121.816406
51.046875 149.660156 122.396484
51.046875 149.660156 122.976562
51.046875 149.660156 123.556641
51.046875 149.660156 124.136719
51.046875 149.080078 124.716797
51.046875 149.080078 125.296875
51.046875 149.080078 125.876953
51.046875 149.080078 126.457031
51.046875 148.500000 127.037109
51.046875 148.500000 127.617188
51.046875 147.919922 128.197266
51.046875 147.919922 128.777344
51.046875 147.339844 129.357422
51.046875 147.339844 129.937500
51.046875 146.759766 130.517578
51.046875 146.759766 131.097656
51.046875 146.179688 131.677734
51.046875 146.179688 132.257812
51.046875 146.179688 132.837891
51.626953 146.179688 133.417969
51.626953 145.599609 133.998047
51.626953 145.019531 134.578125
51.626953 144.439453 135.158203
51.626953 144.439453 135.738281
52.207031 144.439453 136.318359
52.207031 143.859375 136.898438
52.207031 143.279297 137.478516
52.207031 143.279297 138.058594
52.207031 142.699219 138.638672
52.207031 142.699219 139.218750
52.207031 142.119141 139.798828
52.207031 141.539062 140.378906
52.207031 141.539062 140.958984
52.207031 140.958984 141.539062
52.207031 140.958984 142.119141
52.207031 140.378906 142.699219
52.207031 139.798828 143.279297
52.207031 139.798828 143.859375
52.207031 139.218750 144.439453
52.207031 139.218750 145.019531
51.626953 139.218750 145.599609
51.626953 138.638672 146.179688
51.626953 138.638672 146.759766
51.626953 138.058594 147.339844
51.626953 138.058594 147.919922
51.626953 138.058594 148.500000
51.626953 137.478516 149.080078
51.626953 136.898438 149.660156
51.626953 136.898438 150.240234
51.626953 136.318359 150.820312
52.207031 136.318359 151.400391
52.207031 135.738281 151.980469
52.207031 135.158203 152.560547
52.207031 134.578125 153.140625
52.787109 134.578125 153.720703
53.367188 134.578125 154.300781
53.367188 133.998047 154.880859
53.367188 133.998047 155.460938
53.947266 133.998047 156.041016
53.947266 133.417969 156.621094
54.527344 133.417969 157.201172
54.527344 132.837891 157.781250
55.107422 132.837891 158.361328
55.107422 132.257812 158.941406
55.687500 131.677734 159.521484
56.267578 131.677734 160.101562
56.847656 131.677734 160.681641
56.847656 131.677734 161.261719
57.427734 131.097656 161.841797
57.427734 131.097656 162.421875
58.007812 130.517578 163.001953
58.007812 130.517578 163.582031
58.587891 129.937500 164.162109
58.587891 129.937500 164.742188
59.167969 129.357422 165.322266
59.167969 129.357422 165.902344
59.167969 128.777344 166.482422
59.167969 128.197266 167.062500
59.167969 127.617188 167.642578
59.748047 127.617188 168.222656
60.328125 127.617188 168.802734
60.328125 127.037109 169.382812
60.328125 127.037109 169.962891
60.908203 127.037109 170.542969
60.908203 126.457031 171.123047
60.908203 126.457031 171.703125
60.908203 125.876953 172.283203
60.908203 125.876953 172.863281
61.488281 125.876953 173.443359
61.488281 125.876953 174.023438
61.488281 125.876953 174.603516
61.488281 125.876953 175.183594
62.068359 125.876953 175.763672
62.068359 125.876953 176.343750
62.068359 125.876953 176.923828
62.648438 125.876953 177.503906
62.648438 125.876953 178.083984
62.648438 125.876953 178.664062
63.228516 125.876953 179.244141
63.228516 125.876953 179.824219
63.228516 125.876953 180.404297
63.808594 125.876953 180.984375
63.808594 125.876953 181.564453
63.808594 125.876953 182.144531
64.388672 125.876953 182.724609
64.388672 125.296875 183.304688
64.388672 125.296875 183.884766
64.388672 125.296875 184.464844
64.388672 125.296875 185.044922
64.388672 125.296875 185.625000
64.388672 125.296875 186.205078
64.968750 124.716797 186.785156
64.968750 124.716797 187.365234
64.968750 124.716797 187.945312
64.968750 124.716797 188.525391
64.968750 124.716797 189.105469
64.968750 124.716797 189.685547
65.548828 124.716797 190.265625
64.968750 124.716797 190.845703
64.968750 124.716797 191.425781
64.968750 124.716797 192.005859
64.968750 124.716797 192.585938
64.968750 124.716797 193.166016
64.968750 124.716797 193.746094
64.968750 124.716797 194.326172
64.968750 124.716797 194.906250
64.388672 124.716797 195.486328
64.388672 124.716797 196.066406
64.388672 124.716797 196.646484
64.388672 124.716797 197.226562
64.388672 124.716797 197.806641
64.388672 124.716797 198.386719
64.388672 124.716797 198.966797
64.388672 124.716797 199.546875
64.388672 124.716797 200.126953
63.808594 124.716797 200.707031
63.808594 124.716797 201.287109
63.808594 124.716797 201.867188
63.228516 124.716797 202.447266
63.228516 124.716797 203.027344
63.228516 124.716797 203.607422
62.648438 124.716797 204.187500
62.648438 124.716797 204.767578
62.648438 124.716797 205.347656
62.068359 124.716797 205.927734
62.068359 124.716797 206.507812
62.068359 124.716797 207.087891
61.488281 124.716797 207.667969
61.488281 124.716797 208.248047
61.488281 124.716797 208.828125
60.908203 124.716797 209.408203
60.908203 124.716797 209.988281
60.908203 125.296875 210.568359
60.908203 125.296875 211.148438
60.908203 125.296875 211.728516
60.908203 125.296875 212.308594
60.908203 125.296875 212.888672
60.908203 125.296875 213.468750
60.908203 125.296875 214.048828
60.908203 125.296875 214.628906
60.908203 125.296875 215.208984
60.908203 125.296875 215.789062
60.908203 125.296875 216.369141
60.908203 125.296875 216.949219
60.908203 125.296875 217.529297
60.908203 125.296875 218.109375
60.908203 125.296875 218.689453
60.908203 125.296875 219.269531
60.908203 125.296875 219.849609
60.908203 125.296875 220.429688
60.908203 125.296875 221.009766
60.908203 124.716797 221.589844
60.908203 124.716797 222.169922
60.908203 124.716797 222.750000
60.908203 124.136719 223.330078
60.908203 124.136719 223.910156
60.908203 124.136719 224.490234
61.488281 124.136719 225.070312
62.068359 123.556641 225.650391
62.068359 122.976562 226.230469
62.068359 122.976562 226.810547
62.068359 122.976562 227.390625
62.068359 122.976562 227.970703
62.068359 122.976562 228.550781
62.068359 122.976562 229.130859
62.648438 122.976562 229.710938
63.228516 122.396484 230.291016
63.228516 122.396484 230.871094
63.228516 122.396484 231.451172
63.808594 122.396484 232.031250
63.808594 121.816406 232.611328
63.808594 121.816406 233.191406
64.388672 121.236328 233.771484
64.388672 121.236328 234.351562
64.968750 121.236328 234.931641
64.968750 120.656250 235.511719
65.548828 120.656250 236.091797
65.548828 120.076172 236.671875
65.548828 119.496094 237.251953
66.128906 118.916016 237.832031
66.708984 118.916016 238.412109
67.289062 118.916016 238.992188
67.289062 118.335938 239.572266
67.289062 117.755859 240.152344
67.869141 117.175781 240.732422
67.869141 117.175781 241.312500
67.869141 116.595703 241.892578
68.449219 116.015625 242.472656
69.029297 115.435547 243.052734
69.029297 115.435547 243.632812
69.609375 114.855469 244.212891
69.609375 114.855469 244.792969
69.609375 114.275391 245.373047
70.189453 113.695312 245.953125
70.769531 113.115234 246.533203
71.349609 113.115234 247.113281
71.349609 112.535156 247.693359
71.929688 111.955078 248.273438
72.509766 111.375000 248.853516
72.509766 111.375000 249.433594
73.089844 110.794922 250.013672
73.089844 110.794922 250.593750
73.669922 109.634766 251.173828
74.830078 109.054688 251.753906
75.990234 108.474609 252.333984
76.570312 107.314453 252.914062
77.730469 106.734375 253.494141
78.890625 106.154297 254.074219
79.470703 104.414062 254.654297
80.630859 102.673828 255.234375
81.791016 99.193359 255.814453
84.691406 98.033203 256.394531
